62385.09778234854
63153.02518175255
60966.059519673334
62386.15344292001
60583.109359407936
62064.03291442181
63486.16362777986
62030.12102761293
59875.215861670775
60934.1464501752
60560.138842583845
62743.19297333376
62388.16648368293
62032.0674141315
62768.116953701814
60263.10916012227
59876.17634448936
61321.01574327899
62030.1201999282
60587.08404281021
63151.05191176638
62362.2148980869
61318.08685038718
63475.15417198546
60199.128007564934
62030.25868908287
61678.06803048831
61649.336705037145
63121.1218950255
60934.28715035099
61683.04375556856
61674.00709077368
63477.0946882416
60583.11019570864
59907.07914787017
62385.09819652627
60207.282591592244
60934.28587066407
59904.10264217946
62736.227611214286
60207.14145938136
60934.14947415092
62683.32005705115
60938.10075196663
60203.1388285807
61708.03744447106
60207.06880792703
61674.007506422386
63447.24168103056
63123.11308408317
62032.28182133385
62741.1478870367
63475.156681515946
61269.22062208539
63121.12147995748
62744.16217545212
61679.109825884836
62033.10384949007
62740.15434838547
62033.284404023034
60944.09879025469
59904.102224926544
