61300.13306439654
60583.12544889396
60829.42841289686
60204.117986624085
62332.43609337142
62680.37946525454
62037.10193334992
62419.06202439727
60603.02244088556
62081.00688407783
61257.21239075603
61005.07803003965
60822.400521463445
62332.42835984343
62081.006502133394
63031.379615055004
62332.42797789899
63153.04119944329
59874.22292469399
63361.42625115689
60972.03047951768
63004.407138418275
61383.0304045645
62796.01117001225
60222.095171736095
61235.27972579461
60861.31940952105
63031.39464461463
62391.128110519814
61979.274753419784
60203.104979587675
59870.024998834124
62064.01697937035
62772.10496486549
62791.0044344587
62351.23947648937
61262.27208504144
60577.09905800155
60908.18092576746
60501.31396825341
62738.16463571807
60165.238733070306
63475.170064289945
60906.18757041938
62711.27043802857
60929.110350584284
62309.38176481572
63096.18259883214
61328.06618795195
61298.14755473693
61559.43893547259
60225.08810824841
59869.223274541204
60965.02362245812
61587.35369921015
60932.13643511966
60908.16705801983
62655.42933034259
63070.284458013484
62278.42752739028
62000.22620403405
62032.08325505989
62405.100621069585
62362.23131056141
61678.08390015284
59923.036236313455
62682.31483897848
61918.42348159416
63505.08973212177
60263.09282028032
62388.18251603064
60860.333746676006
63477.15321327394
62302.37642894281
62326.32529143515
61977.28122326418
63066.32492611914
61759.04055897568
63153.056639619936
61318.1029307842
63427.29973719651
62387.16254897014
62678.32810940739
62768.13324913194
60560.122852710934
61231.33241202531
62379.15355725466
61625.241108806316
62029.317839816205
61599.33376401771
63375.42686337397
63430.43551613164
63062.310074997666
59932.03933040295
62027.14392786273
60558.15151092675
62332.43054142658
60502.31472727765
60203.155028957386
61952.35379146135
62651.4108224705
61622.236510230265
62682.32696125126
60860.334575619956
62332.435679090755
63013.416994720035
62330.32746297641
60932.12911838724
59904.11875840045
63425.35041545518
60583.126294657304
63486.12462496315
62766.11896556147
61273.227685374644
60137.4383518686
63008.43088200075
62683.33612143136
60881.28172509001
60193.15684372272
61328.068679357966
62029.31742834406
60204.12304339746
62059.0533660868
61977.286671880516
60222.09430926196
62435.01237624468
63124.127401793434
60829.42882824456
60944.114815798726
62354.256210359796
60876.30534329286
62790.99643719754
61979.2739214052
61909.42925104175
60824.433706726224
62391.13183453857
60577.09187814725
59923.03665099904
63100.19940068128
62741.183659540875
61300.127221095354
62278.431734082085
61679.12597807142
63153.00240087301
60236.02050821157
60532.38247697973
61016.04908121716
60943.117703336
63449.25133399102
60903.23079275582
62741.16370193228
62050.07313972232
61239.42924858959
62388.14077266269
62032.101487208594
62651.409166129604
59904.118343297065
61269.23700595765
62379.21036615066
60577.102805877614
63443.24716277234
60207.08463109642
60287.03403023982
60549.201198317496
63475.172597628516
61708.01242655969
62772.104550223194
61672.06757316865
63068.3140255504
60287.0305525716
60204.12049027678
62115.02982001097
61235.29892061591
61317.06961804194
63124.110990474226
61238.310053134475
63418.309887792326
61231.331997589245
63477.13724158266
63146.99804889808
63204.043882225866
61623.20435700657
63470.18039677169
63420.30989571954
60588.07323172484
62630.428006237154
60648.04391573562
60509.43434905408
60463.433086357
63205.04191083832
63205.04229278276
60509.43271336373
62277.42039063776
61672.05725053442
61624.24137796684
60119.33989441467
62801.01396400747
62356.239753145754
62037.101521164164
61650.13473645726
60585.05005852803
63031.39422674264
