60966.07586271659
59875.2317307006
63486.179743920686
61235.26366551149
62000.21002429837
62386.16941355874
59870.04104765839
62385.11359877054
62419.04604618967
59874.206826815745
60204.101891255785
61298.13154953974
62680.363435002626
61977.26509956458
60222.079243650136
62030.10471229546
63070.26813779805
60934.30317442404
60908.15115091726
60587.09995849072
62743.20910907617
62309.36575688629
61328.04992861224
59876.1922166145
62333.303692905196
61683.05967146072
61649.35266462749
63066.30845950092
63121.13789779388
63505.07366245462
61262.2549959926
60934.129860631365
62682.298964199326
60225.07208653869
60929.09454095543
62738.14879524915
61674.022876895986
61321.03162421526
60199.14390116733
62030.27473961408
59869.207397906895
63151.068005283385
63477.11053452125
62029.30131445216
62030.10388481315
60860.31728240959
62385.11401297979
60860.31810948777
61328.05241036158
60934.301917178745
63425.33425618114
61977.27051915003
60943.10161687518
60207.29856344436
63062.29355133739
60558.135693060474
62027.12799554512
61708.05363062403
60934.13283649375
59907.09526208657
60207.157901825725
62029.30090318615
60938.116946773305
62736.243804867125
62766.10239051753
62033.30108325681
62033.11973489845
60222.07840405413
62032.29798817927
61650.1184670614
63100.18352432285
63124.0951696147
62354.2403054785
63477.12141638037
62744.178362780294
63449.235254591265
62379.19421788171
60903.214580493644
60577.07585083963
63121.13748272763
62740.17023861763
61672.04140436194
61238.29407622251
63123.09726031398
60204.10438582241
63447.258109064154
60549.18505490796
62388.12446569649
61674.02329251732
